GameObject
0,0,0
0,0,0,
Plane
0,0,0
0,0,0,
FloorTile_Double_Hallway 
-4,0,-4
-0.500000715255737,0.499999344348907,0.499999344348907,
FloorTile_Side
0,0,-2
-0.707106828689575,0,0,
FloorTile_InnerCorner
-2,0,-2
0,0.707106828689575,0.707106828689575,
FloorTile_Corner
0,0,-4
-0.707106828689575,0,0,
FloorTile_Double_Hallway
-2,0,0
0,0.707106828689575,0.707106828689575,
FloorTile_Double_Hallway 
-2,0,2
0,0.707106828689575,0.707106828689575,
FloorTile_Side 
-2,0,-4
-0.5,0.5,0.5,
FloorTile_Double_Hallway 
-12,0,-4
-0.500000715255737,0.499999344348907,0.499999344348907,
FloorTile_Double_Hallway 
-6,0,-4
-0.500000715255737,0.499999344348907,0.499999344348907,
FloorTile_Double_Hallway 
-8,0,-4
-0.500000715255737,0.499999344348907,0.499999344348907,
FloorTile_Double_Hallway 
-10,0,-4
-0.500000715255737,0.499999344348907,0.499999344348907,
FloorTile_Double_Hallway 
-14,0,0
-0.707106828689575,0,0,
FloorTile_Double_Hallway 
-14,0,2
-0.707106828689575,0,0,
FloorTile_Corner 
-16,0,-4
-0.5,0.5,0.5,
FloorTile_InnerCorner 
-14,0,-2
0.5,0.5,0.5,
FloorTile_Side 
-14,0,-4
-0.5,0.5,0.5,
FloorTile_Side 
-16,0,-2
0,0.707106828689575,0.707106828689575,
FloorTile_Double_Hallway 
-14,0,4
-0.707106828689575,0,0,
FloorTile_Double_Hallway 
-14,0,12
-0.707106828689575,0,0,
FloorTile_Double_Hallway 
-14,0,6
-0.707106828689575,0,0,
FloorTile_Double_Hallway 
-14,0,8
-0.707106828689575,0,0,
FloorTile_Double_Hallway 
-14,0,10
-0.707106828689575,0,0,
FloorTile_Double_Hallway 
-2,0,10
0,0.707106828689575,0.707106828689575,
FloorTile_Double_Hallway 
-2,0,8
0,0.707106828689575,0.707106828689575,
FloorTile_Double_Hallway 
-2,0,6
0,0.707106828689575,0.707106828689575,
FloorTile_Double_Hallway 
-2,0,12
0,0.707106828689575,0.707106828689575,
FloorTile_Double_Hallway 
-2,0,4
0,0.707106828689575,0.707106828689575,
FloorTile_Corner 
-16,0,16
-1.94460153579712E-06,0.707106828689575,0.707106828689575,
FloorTile_InnerCorner 
-14,0,13
0.707106828689575,1.94460153579712E-06,1.94460153579712E-06,
FloorTile_Side 
-16,0,13
-1.94460153579712E-06,0.707106828689575,0.707106828689575,
FloorTile_Side 
-14,0,15
0.499998539686203,0.500001490116119,0.500001490116119,
FloorTile_Double_Hallway 
-12,0,15
0.499997913837433,0.500002145767212,0.500002145767212,
FloorTile_Double_Hallway 
-4,0,16
0.499997913837433,0.500002145767212,0.500002145767212,
FloorTile_Double_Hallway 
-10,0,16
0.499997913837433,0.500002145767212,0.500002145767212,
FloorTile_Double_Hallway 
-8,0,16
0.499997913837433,0.500002145767212,0.500002145767212,
FloorTile_Double_Hallway 
-6,0,16
0.499997913837433,0.500002145767212,0.500002145767212,
FloorTile_Side 
0,0,14
0.707106828689575,1.94460153579712E-06,1.94460153579712E-06,
FloorTile_Side 
-2,0,16
0.499998539686203,0.500001490116119,0.500001490116119,
FloorTile_InnerCorner 
-2,0,14
0.500001490116119,-0.499998539686203,-0.499998539686203,
FloorTile_Corner 
0,0,16
0.499998539686203,0.500001490116119,0.500001490116119,
